%YAML:1.0
---
camera_matrix: !!opencv-matrix
   rows: 3
   cols: 3
   dt: d
   data: [ 1.2572304618814589e+04, 0., 6.5179913154013900e+02, 0.,
       9.8417866256729794e+03, 1.0737159188706141e+02, 0., 0., 1. ]
dist_coeff: !!opencv-matrix
   rows: 1
   cols: 5
   dt: d
   data: [ -5.0671417129448759e+00, -2.5594269577153807e+02,
       7.1738710686750040e-01, -6.0998840394959189e-02,
       -4.5807305324517111e+00 ]
